time,x,y,z,phi,theta,psi,x_velocity,y_velocity,z_velocity,phi_velocity,theta_velocity,psi_velocity,rotor_speed1,rotor_speed2,rotor_speed3,rotor_speed4
0.12000000000000001,1.786687766277562e-07,-6.232178605746574e-06,10.004348549838436,6.2822307748051465,6.28315953134625,0.0,7.152240439774034e-06,-0.00025717890322832053,0.07246957199973905,-0.019740460190467414,-0.0005160123467460579,0.0,416.62293825713886,416.6003884177462,416.17913141166844,415.31456141650676
0.23999999999999996,8.407011962863398e-06,-0.0001696538049932246,10.030804544987678,6.280467468297967,6.282632638190842,0.0,0.00023317343471025194,-0.002915529165564403,0.36834361948050903,-0.007865062983008604,-0.009964838360897614,0.0,452.37372752990996,451.9932822301174,451.368397165884,451.84734578646
0.36000000000000004,0.00010255964712401428,-0.0007181869392851553,10.074210406813405,6.280676465233762,6.280392476618662,0.0,0.0017176866412953714,-0.0062292419796949345,0.35509638105773433,0.01436841054527312,-0.031632855216156795,0.0,402.2748176182472,401.29269675768484,401.30286584554807,402.310503983147
0.48000000000000015,0.0006230117710943621,-0.001630637147434873,10.129332658976328,0.00010238381367422278,6.276362625092574,0.0,0.007849843009764022,-0.00843047563278686,0.5634233570310956,0.03161119356891017,-0.036346924828517986,0.0,437.63329484149057,437.43661768545144,438.93788075318554,439.65269967509556
0.6000000000000002,0.0024273696855464898,-0.0024725639164674186,10.232931734858754,0.008574897420759342,6.27006683814904,0.0,0.023906228885759384,-0.0034031867281265676,1.1622585627113795,0.1138702291842259,-0.07788779109532505,0.0,497.7754860952377,496.25170134799896,494.9614667996547,497.98202982727497
0.7200000000000003,0.006408226463930014,-0.002008379160833603,10.372707897827484,0.024612440610861874,6.2584581486041735,0.0,0.04457078131161481,0.01412643382906982,1.1672494070635697,0.158026572971322,-0.12712613772094825,0.0,407.159579083897,404.9416674910048,405.41793028017844,407.4146487703683
0.8400000000000004,0.014592413570458434,0.0025904354296033476,10.540812813654515,0.04340786372727923,6.241877546926432,0.0,0.09613563697807925,0.06748848190425986,1.6329691335234757,0.15465745256477462,-0.1548825768714036,0.0,479.88852831181913,478.8176369087332,478.84458450260075,478.73773527399834
0.9600000000000005,0.030096399959572754,0.014838055328112176,10.751925599322949,0.06389874291821851,6.221751258071603,0.0,0.1668099439358472,0.1412405283139406,1.8842436084854373,0.1910316478978182,-0.18739888134500318,0.0,449.06145031718967,447.71375894751986,447.5708084544685,449.0759110253915
1.0800000000000005,0.05629126604252129,0.03817968253308941,10.99879515556065,0.08794112314361069,6.1969379976829515,0.0,0.2756748978266207,0.2535215344204626,2.2279779454198336,0.2125864649236205,-0.2380840367716767,0.0,463.8523441392445,461.8167804619234,464.92505523778345,465.8058630863211
1.2000000000000006,0.09597435532306413,0.07526807627727325,11.265568774123228,0.11755992046715313,6.167819859563455,0.0,0.39120788596177364,0.37001298192073534,2.2170882460370196,0.2856741841229413,-0.2492249601944481,0.0,410.4680096093459,409.90902280934256,406.61057514279634,409.936345721597
1.3200000000000007,0.15330597612274718,0.13027604875821744,11.544590295790515,0.15128192200550306,6.140766223392095,0.0,0.5704216916215555,0.5541380870288283,2.4302765174315066,0.2743130502852417,-0.19684831744650413,0.0,447.40086080624747,449.4769929101753,447.69535218309574,447.31232760903197
1.4400000000000008,0.23284444613931707,0.20860019198002894,11.838936261131739,0.18725374878500034,6.118708675021967,0.0,0.7595866345495271,0.758038367233796,2.473082148152406,0.33005297536388756,-0.16709299964964547,0.0,422.00125918193515,423.2485990566123,422.20140855362,424.69410783589836
1.560000000000001,0.336614203040066,0.31403578041732466,12.137484253734868,0.2283143936694101,6.099045028901811,0.0,0.9736756939882202,1.006864292149174,2.499747699980491,0.3577632021344441,-0.1594522678258605,0.0,422.660455720988,422.96246703144834,422.7498240508224,424.06818466586964
1.680000000000001,0.47062577890271823,0.4561701179612924,12.454309648970979,0.2721732227858764,6.081196110573966,0.0,1.2636962645670216,1.3714577187314574,2.774936280757805,0.3757052714098053,-0.13479410478823944,0.0,467.54738863727016,468.48726038840715,466.91749580526744,467.74732198019706
1.8000000000000012,0.640312247111607,0.644958271062792,12.79989143668502,0.319567424728854,6.065445088216322,0.0,1.5674524268347496,1.7844471199267744,2.9784083605082823,0.4186512192137147,-0.12643564330432527,0.0,461.6115910098312,461.9261542055074,461.7917890366261,463.636397967243
1.9200000000000013,0.8461480959626795,0.8848320769118012,13.161585438286798,0.36951131133135906,6.048532384003121,0.0,1.8660251479551575,2.2223439365371735,3.0434414758380415,0.4127326626056876,-0.1634806763507522,0.0,445.73200227101853,444.1967292285317,447.1067804132373,447.04466233665255
2.0400000000000014,1.0899163925732458,1.1818936159827347,13.5322682722989,0.4176116346985532,6.029640364215705,0.0,2.200040268145615,2.7367487416178093,3.1267812468160145,0.3828099169459512,-0.14932318835180897,0.0,456.15472599587184,456.69688134575637,457.14565078901495,456.11365343275514
2.1600000000000015,1.3744738953380273,1.54283351889022,13.908614130455549,0.46189568597608766,6.0134449237993906,0.0,2.545003433311919,3.2853807351522484,3.1379726587401913,0.34783918936164354,-0.11667539925377174,0.0,451.8860409531116,453.18342814301224,452.8860434066645,451.6150567741699
2.2800000000000016,1.6983282511745488,1.9671715624122017,14.274391207173005,0.501493022820596,6.001020108413712,0.0,2.854039940143248,3.791657779162206,2.9528954181951645,0.30155501347855335,-0.08667975174863482,0.0,422.6688271414378,423.9494846343692,425.6905034815597,423.82184855918456
2.4000000000000017,2.0651082915047922,2.4628665466228368,14.63208059555691,0.538100643159626,5.991480087857802,0.0,3.259273860990209,4.4735648693219705,2.999675967422199,0.3098357194146111,-0.06992845865056117,0.0,473.43696153042697,474.07635667952644,474.4764922707965,474.88262423625395
2.520000000000002,2.4807836551767912,3.0420864850026694,14.992709994304446,0.57760281643667,5.983424027060037,0.0,3.668242161731463,5.183291518748072,3.001070080769371,0.35302227308283285,-0.06329852713197541,0.0,475.50654323730845,475.75741488954475,476.1135379286706,477.86515381442894
2.640000000000002,2.9411658496178306,3.700222557203379,15.338688538846014,0.6193096026991478,5.976693849691451,0.0,4.0043965157770325,5.788633348044853,2.75801938893169,0.3396536358161324,-0.046465919858483744,0.0,439.83888989084784,440.5333140484313,440.87989071474885,440.4525684475912
2.760000000000002,3.441884523785138,4.432358365825389,15.653368725059016,0.6584656619090428,5.970377137675644,0.0,4.340161795718524,6.415452835466805,2.4794605998708197,0.305808004670237,-0.061659976989456175,0.0,441.7544560351837,441.12554375172573,443.6764746144113,442.3937203027926
2.880000000000002,3.9827419230597387,5.2403927684692695,15.932249329970317,0.6930889082825322,5.961363402499424,0.0,4.6736413973470015,7.052050926012753,2.161688999733741,0.261136643769116,-0.09587889375789097,0.0,444.58236124240784,443.17323216638863,443.21555246572785,441.4599576796596
3.000000000000002,4.564805327718638,6.127268108412626,16.173538936582787,0.7248190805877632,5.952437488588458,0.0,5.026650220094056,7.727866379333732,1.8524987601808183,0.26889140277055945,-0.0481216790273195,0.0,453.20974741430604,455.1209106768403,453.7757851964553,454.1558361935268
3.1200000000000023,5.190145207516872,7.097317401684308,16.377946490572285,0.759191373005021,5.947010755100202,0.0,5.393662788830847,8.437591178763109,1.5460066546967919,0.3082970557516782,-0.04124560295362912,0.0,464.64183395293225,464.91028482449605,463.78299002464814,465.4071348535579
3.2400000000000024,5.855452157742254,8.145253722122893,16.535733728087646,0.7966108327206669,5.942211272973404,0.0,5.693143557794389,9.026646740092744,1.0776255802824337,0.31663135357890193,-0.03826156804557229,0.0,439.1010911218953,439.2240568927191,438.10683221156756,438.5540326095644
3.3600000000000025,6.556320430257575,9.263803581247553,16.635549521669123,0.833101695532684,5.937046395765249,0.0,5.986157989891123,9.613554656497815,0.5798758504191768,0.28495807734024453,-0.04995523764667926,0.0,440.9206846054547,440.43613155836204,441.582484393669,440.36847516596447
3.4800000000000026,7.2912235094507265,10.450852465848246,16.672631178862083,0.8672493474135718,5.930996351893679,0.0,6.26055289573842,10.167548044686676,0.03308077031102416,0.284012940192081,-0.05106513309913785,0.0,437.0249341788141,436.97700510830595,437.3165357446241,437.36071516821244
3.6000000000000028,8.06911233262006,11.72555477207988,16.66082692140404,0.9078561188877297,5.928944774328439,0.0,6.698646664232428,11.069112199295763,-0.24366133660041753,0.3939926770492219,0.0216413707531568,0.0,513.4156912470645,515.9891537993071,512.6809581441795,516.6706630613885
3.720000000000003,8.882977212369692,13.074676271148876,16.587106584924943,0.9556711105165743,5.933057320438994,0.0,6.863632361888737,11.415213795525712,-0.9879099223849723,0.4044841179662104,0.05055264636845475,0.0,407.58991670780193,408.88115485093925,408.07161075515495,408.7198296210141
3.840000000000003,9.719846966561912,14.474035122969003,16.429326282764556,1.001259509435755,5.9368130293509065,0.0,7.080416088671685,11.903284193396548,-1.6476075788888493,0.338481656746081,0.00010986407629767422,0.0,442.74981061932897,440.66926963333685,442.7527938133623,440.17667940515753
3.960000000000003,10.582000001952936,15.931587256735117,16.191252843835137,1.0399769316713297,5.9383992214236,0.0,7.285435591807909,12.383792067079083,-2.324830672376561,0.29785488382061653,0.0300729866769608,0.0,445.22941676603114,446.4540821790507,446.9709026820916,445.4171419055621
4.080000000000001,11.467834982663001,17.445608849740616,15.87093167652492,1.0728171274815432,5.943146915986086,0.0,7.474895267380047,12.844183450836022,-3.0167735480426168,0.232965119302027,0.05204080703804512,0.0,448.17029355141017,449.06345948874514,450.1825364491354,447.6218676717916
4.199999999999998,12.373019943617196,19.00757925230958,15.463984189245807,1.1005795427033984,5.949753939735327,0.0,7.608971578935677,13.184844090638387,-3.7653794740248094,0.22908093850278327,0.05919471041196415,0.0,432.33087810684185,432.63446104916943,431.01179807623333,430.90263565150076
4.319999999999996,13.297252893112448,20.619121069484798,14.972437856102918,1.1227453542069146,5.95546671533641,0.0,7.790978040794384,13.666833022883425,-4.428195950212986,0.09110444319436081,0.02997052545271521,0.0,464.24569991158694,463.09838042473706,466.55365853751374,461.16137777815567
4.439999999999993,14.23781184212569,22.27457817804336,14.396052906994584,1.1351798558700974,5.95852229324392,0.0,7.884020538315945,13.921607665149551,-5.173808967925764,0.11974866379688454,0.018952211763227814,0.0,429.52781672562,429.0601894784186,426.5243278950781,427.7562977438776
4.559999999999991,15.187836805783837,23.956058771221713,13.730107470728557,1.1493905918334493,5.96166494279084,0.0,7.949119493199616,14.101503805757545,-5.920536314502005,0.11655317502029626,0.03584166762536729,0.0,415.6654783107652,416.40558354640785,417.02642369665745,416.90035291860767
4.679999999999988,16.148379292687654,25.666687942989398,12.979929921498062,1.16452415718725,5.96587665148677,0.0,8.05781309690095,14.404182370452649,-6.579592093677626,0.13865609986825245,0.03405095409542029,0.0,443.1532415312993,443.0801203495283,441.9079175333157,442.83303877345924
4.799999999999986,17.123378247413065,27.418044752579437,12.154272838056471,1.183831631017389,5.969957909075529,0.0,8.18892248885085,14.777636253047435,-7.180726332710682,0.18791133073476626,0.03395382461916791,0.0,461.9731181557542,461.96970650225455,460.24479129785914,462.2142746128291
4.919999999999983,18.112604443443747,29.21060117738398,11.256260407399658,1.2059116831052998,5.973475318277092,0.0,8.29506953927327,15.09107411925435,-7.78589579121779,0.1783912970505491,0.02260017987133026,0.0,459.0013236901919,458.55052383891336,459.73227466932775,459.3862969686896
5.0399999999999805,19.114196511906126,31.040316888960035,10.286608636542343,1.2273810615196048,5.978456479275625,0.0,8.39484266415945,15.396651173991293,-8.374632576319566,0.1796349997055305,0.06497699706592608,0.0,464.3088634195616,465.970197316616,465.838461837579,465.9163973111055
